Generation	Best	Worst	Average
0	    0.000421	-9999.000000	 -119.991581
1	    0.000421	-9999.000000	 -109.991007
2	    0.000421	-9999.000000	 -159.985294
3	    0.000421	-9999.000000	  -49.995930
4	    0.000421	-9999.000000	  -29.997543
5	    0.000421	-9999.000000	  -49.995418
6	    0.000421	-9999.000000	   -9.999236
7	    0.000421	   -0.019801	   -0.000041
8	    0.000421	   -0.027843	   -0.000072
9	    0.000421	-9999.000000	   -9.998990
10	    0.000421	   -0.027479	    0.000040
11	    0.000421	   -0.031600	   -0.000083
12	    0.000421	   -0.028692	    0.000005
13	    0.000421	   -0.027437	    0.000071
14	    0.000421	-9999.000000	  -19.998087
15	    0.000421	   -0.036669	   -0.000118
16	    0.000421	   -0.033726	    0.000092
17	    0.000421	   -0.032959	    0.000021
18	    0.000460	   -0.034112	   -0.000009
19	    0.000460	   -0.033263	    0.000010
20	    0.000460	   -0.042290	   -0.000006
21	    0.000460	   -0.034624	   -0.000035
22	    0.000460	   -0.035591	    0.000098
23	    0.000460	-9999.000000	   -9.998881
24	    0.000460	-9999.000000	   -9.998848
25	    0.000460	-9999.000000	   -9.998976
26	    0.000460	   -0.027891	    0.000107
27	    0.000460	   -0.027498	    0.000197
28	    0.000460	   -0.033957	    0.000015
29	    0.000460	   -0.035945	    0.000072
30	    0.000460	   -0.028006	    0.000154
31	    0.000460	   -0.032044	    0.000074
32	    0.000460	   -0.025737	    0.000156
33	    0.000460	   -0.021191	    0.000136
34	    0.000460	   -0.021138	    0.000234
Generation	Best	Worst	Average
0	    0.000313	-9999.000000	 -129.991059
1	    0.000324	-9999.000000	 -149.986656
2	    0.000582	-9999.000000	 -139.987064
3	    0.000582	-9999.000000	  -69.993808
4	    0.000582	-9999.000000	  -69.993773
5	    0.000582	-9999.000000	  -69.993543
6	    0.000582	-9999.000000	  -39.996296
7	    0.000582	-9999.000000	  -19.998212
8	    0.000582	   -0.025809	   -0.000078
9	    0.000582	   -0.034236	   -0.000151
10	    0.000582	   -0.032703	   -0.000119
11	    0.000582	   -0.033405	    0.000008
12	    0.000582	   -0.034933	   -0.000186
13	    0.000582	   -0.030499	   -0.000037
14	    0.000582	   -0.036669	   -0.000118
15	    0.000582	   -0.028570	   -0.000159
16	    0.000582	-9999.000000	   -9.999015
17	    0.000582	   -0.031995	   -0.000101
18	    0.000582	   -0.034165	   -0.000073
19	    0.000582	   -0.030917	   -0.000005
20	    0.000582	   -0.043748	   -0.000068
21	    0.000582	-9999.000000	  -19.998029
22	    0.000582	   -0.031422	   -0.000053
23	    0.000582	   -0.027836	   -0.000083
24	    0.000582	   -0.030241	    0.000042
25	    0.000582	   -0.026732	    0.000133
26	    0.000582	   -0.027348	    0.000098
27	    0.000582	-9999.000000	   -9.998906
28	    0.000582	   -0.026213	    0.000111
29	    0.000582	   -0.033117	    0.000019
30	    0.000582	   -0.030663	    0.000014
31	    0.000582	   -0.029156	    0.000110
32	    0.000582	   -0.026170	    0.000062
33	    0.000582	   -0.027511	   -0.000025
34	    0.000582	   -0.026032	    0.000126
Generation	Best	Worst	Average
0	    0.000447	-9999.000000	  -79.995878
1	    0.000447	-9999.000000	 -139.987621
2	    0.000447	-9999.000000	  -89.992363
3	    0.000447	-9999.000000	  -89.991979
4	    0.000447	-9999.000000	 -109.989538
5	    0.000447	-9999.000000	  -49.995596
6	    0.000447	-9999.000000	  -19.998521
7	    0.000447	-9999.000000	   -9.999312
8	    0.000447	   -0.023964	   -0.000090
9	    0.000447	   -0.032113	   -0.000126
10	    0.000447	   -0.030766	   -0.000199
11	    0.000447	   -0.033875	   -0.000172
12	    0.000447	   -0.027610	    0.000027
13	    0.000447	   -0.034294	   -0.000224
14	    0.000447	   -0.031164	   -0.000168
15	    0.000447	   -0.036639	   -0.000117
16	    0.000447	   -0.033650	   -0.000136
17	    0.000447	   -0.032381	   -0.000048
18	    0.000447	   -0.030403	   -0.000039
19	    0.000447	   -0.044075	   -0.000111
20	    0.000447	-9999.000000	   -9.999068
21	    0.000447	   -0.034533	    0.000033
22	    0.000447	-9999.000000	   -9.999156
23	    0.000447	   -0.029498	   -0.000014
24	    0.000447	   -0.035551	   -0.000046
25	    0.000447	   -0.035551	   -0.000004
26	    0.000447	-9999.000000	  -19.998100
27	    0.000447	   -0.031545	    0.000057
28	    0.000447	   -0.035742	    0.000049
29	    0.000447	-9999.000000	   -9.999024
30	    0.000447	   -0.034710	   -0.000034
31	    0.000447	   -0.035318	    0.000069
32	    0.000447	   -0.028915	    0.000111
33	    0.000447	   -0.034669	   -0.000064
34	    0.000447	   -0.023767	    0.000131
Generation	Best	Worst	Average
0	    0.000322	-9999.000000	 -169.986676
1	    0.000336	-9999.000000	 -169.984796
2	    0.000336	-9999.000000	 -179.983144
3	    0.000340	-9999.000000	 -129.987722
4	    0.000340	-9999.000000	  -89.991530
5	    0.000340	-9999.000000	  -39.996454
6	    0.000340	-9999.000000	   -9.999254
7	    0.000340	   -0.025810	   -0.000221
8	    0.000340	   -0.033975	    0.000013
9	    0.000340	   -0.028198	   -0.000127
10	    0.000340	   -0.031243	   -0.000016
11	    0.000340	   -0.032347	   -0.000044
12	    0.000371	   -0.030348	   -0.000075
13	    0.000371	-9999.000000	   -9.999057
14	    0.000371	-9999.000000	   -9.998977
15	    0.000371	   -0.028283	    0.000042
16	    0.000371	-9999.000000	   -9.999026
17	    0.000371	   -0.031060	   -0.000185
18	    0.000371	   -0.033010	   -0.000050
19	    0.000371	   -0.036532	   -0.000237
20	    0.000371	   -0.036491	   -0.000008
21	    0.000371	   -0.030584	    0.000065
22	    0.000371	-9999.000000	  -19.998037
23	    0.000371	   -0.035614	   -0.000029
24	    0.000371	   -0.032030	    0.000116
25	    0.000371	-9999.000000	   -9.999002
26	    0.000371	   -0.031284	    0.000074
27	    0.000371	   -0.030667	   -0.000068
28	    0.000371	-9999.000000	   -9.999054
29	    0.000371	-9999.000000	   -9.998959
30	    0.000371	   -0.040672	    0.000098
31	    0.000371	   -0.026081	    0.000146
32	    0.000371	-9999.000000	   -9.998876
33	    0.000371	   -0.025368	    0.000123
34	    0.000371	   -0.021839	    0.000223
Generation	Best	Worst	Average
0	    0.000407	-9999.000000	 -109.992915
1	    0.000407	-9999.000000	 -149.986822
2	    0.000407	-9999.000000	 -129.988163
3	    0.000407	-9999.000000	  -89.991676
4	    0.000407	-9999.000000	 -129.987518
5	    0.000407	-9999.000000	 -149.985720
6	    0.000407	-9999.000000	  -99.990275
7	    0.000407	-9999.000000	  -19.998363
8	    0.000407	   -0.033844	   -0.000376
9	    0.000407	   -0.030463	   -0.000302
10	    0.000407	   -0.041138	   -0.000319
11	    0.000407	-9999.000000	   -9.999255
12	    0.000407	   -0.032955	   -0.000158
13	    0.000407	   -0.026547	    0.000066
14	    0.000407	   -0.033988	   -0.000322
15	    0.000407	   -0.030918	   -0.000042
16	    0.000407	   -0.026686	    0.000004
17	    0.000407	   -0.038614	   -0.000124
18	    0.000407	   -0.039896	   -0.000001
19	    0.000407	-9999.000000	   -9.999082
20	    0.000407	   -0.036732	   -0.000243
21	    0.000407	-9999.000000	   -9.999233
22	    0.000407	   -0.032566	   -0.000075
23	    0.000407	   -0.033604	   -0.000062
24	    0.000407	-9999.000000	  -39.995927
25	    0.000407	   -0.037386	   -0.000096
26	    0.000407	-9999.000000	  -19.998110
27	    0.000407	   -0.036554	   -0.000177
28	    0.000407	   -0.033940	   -0.000016
29	    0.000407	   -0.033051	    0.000085
30	    0.000407	   -0.030261	   -0.000020
31	    0.000407	-9999.000000	   -9.998922
32	    0.000407	   -0.031008	    0.000085
33	    0.000407	   -0.032401	    0.000123
34	    0.000407	   -0.031008	    0.000159
Generation	Best	Worst	Average
0	    0.000463	-9999.000000	 -179.985883
1	    0.000463	-9999.000000	 -189.982690
2	    0.000463	-9999.000000	  -69.994224
3	    0.000463	-9999.000000	 -149.985693
4	    0.000463	-9999.000000	 -129.987504
5	    0.000463	-9999.000000	  -49.995402
6	    0.000463	-9999.000000	  -69.993375
7	    0.000463	-9999.000000	  -19.998079
8	    0.000463	   -0.027718	   -0.000101
9	    0.000463	-9999.000000	   -9.999181
10	    0.000463	   -0.026466	    0.000001
11	    0.000463	   -0.029531	   -0.000171
12	    0.000463	-9999.000000	   -9.999332
13	    0.000463	   -0.025338	   -0.000075
14	    0.000463	-9999.000000	   -9.999046
15	    0.000463	   -0.031604	   -0.000032
16	    0.000463	   -0.031512	   -0.000501
17	    0.000463	   -0.031256	   -0.000123
18	    0.000463	-9999.000000	   -9.999154
19	    0.000463	   -0.035772	   -0.000097
20	    0.000463	   -0.032081	   -0.000175
21	    0.000463	-9999.000000	   -9.999233
22	    0.000463	   -0.030126	    0.000067
23	    0.000463	-9999.000000	   -9.998917
24	    0.000463	-9999.000000	   -9.998930
25	    0.000463	   -0.033401	   -0.000144
26	    0.000463	   -0.032003	    0.000060
27	    0.000463	   -0.032130	   -0.000020
28	    0.000463	   -0.036955	   -0.000176
29	    0.000463	   -0.033973	    0.000100
30	    0.000463	   -0.035028	    0.000081
31	    0.000463	   -0.034554	    0.000140
32	    0.000463	   -0.029803	    0.000111
33	    0.000463	   -0.030526	    0.000088
34	    0.000463	   -0.027747	    0.000023
Generation	Best	Worst	Average
0	    0.000444	-9999.000000	 -119.992033
1	    0.000444	-9999.000000	 -149.986875
2	    0.000444	-9999.000000	 -129.988457
3	    0.000444	-9999.000000	 -139.986907
4	    0.000444	-9999.000000	 -119.988848
5	    0.000444	-9999.000000	  -49.995428
6	    0.000444	-9999.000000	  -19.998490
7	    0.000444	-9999.000000	   -9.999100
8	    0.000444	-9999.000000	   -9.999189
9	    0.000444	   -0.030933	   -0.000214
10	    0.000444	-9999.000000	   -9.999086
11	    0.000444	   -0.029272	   -0.000080
12	    0.000444	   -0.034987	   -0.000242
13	    0.000444	-9999.000000	   -9.999007
14	    0.000444	-9999.000000	  -19.998130
15	    0.000444	   -0.029032	   -0.000036
16	    0.000444	   -0.034800	   -0.000099
17	    0.000444	   -0.030609	    0.000015
18	    0.000444	   -0.030677	   -0.000088
19	    0.000444	   -0.030778	   -0.000140
20	    0.000444	   -0.033686	   -0.000021
21	    0.000444	   -0.030532	   -0.000060
22	    0.000444	   -0.030925	   -0.000104
23	    0.000444	   -0.029503	    0.000054
24	    0.000444	-9999.000000	   -9.998998
25	    0.000444	   -0.030381	    0.000132
26	    0.000444	   -0.030608	   -0.000062
27	    0.000444	   -0.034298	   -0.000051
28	    0.000444	   -0.027106	    0.000109
29	    0.000444	   -0.027795	    0.000031
30	    0.000444	   -0.026213	    0.000106
31	    0.000444	   -0.027394	    0.000095
32	    0.000444	   -0.020477	    0.000165
33	    0.000444	-9999.000000	   -9.998829
34	    0.000444	   -0.024914	    0.000206
Generation	Best	Worst	Average
0	    0.000416	-9999.000000	  -99.994201
1	    0.000416	-9999.000000	 -109.990869
2	    0.000416	-9999.000000	 -159.985057
3	    0.000416	-9999.000000	 -179.982895
4	    0.000416	-9999.000000	  -99.990574
5	    0.000416	-9999.000000	 -149.985528
6	    0.000416	-9999.000000	  -19.998416
7	    0.000416	   -0.030912	   -0.000261
8	    0.000416	   -0.032208	   -0.000202
9	    0.000416	   -0.024434	   -0.000090
10	    0.000416	   -0.026670	   -0.000154
11	    0.000416	   -0.033409	   -0.000123
12	    0.000416	   -0.029674	   -0.000061
13	    0.000416	   -0.033335	   -0.000145
14	    0.000416	-9999.000000	   -9.998899
15	    0.000416	   -0.032880	   -0.000058
16	    0.000416	   -0.036634	   -0.000068
17	    0.000416	   -0.035148	   -0.000222
18	    0.000416	-9999.000000	   -9.999192
19	    0.000416	   -0.034344	   -0.000244
20	    0.000416	   -0.037098	   -0.000413
21	    0.000416	-9999.000000	   -9.999068
22	    0.000416	   -0.041388	   -0.000108
23	    0.000416	-9999.000000	   -9.999104
24	    0.000416	   -0.036128	   -0.000071
25	    0.000416	-9999.000000	   -9.998955
26	    0.000416	   -0.035466	   -0.000056
27	    0.000416	   -0.032961	   -0.000045
28	    0.000416	   -0.032166	   -0.000276
29	    0.000416	-9999.000000	   -9.999041
30	    0.000416	   -0.027867	   -0.000006
31	    0.000416	   -0.034855	   -0.000123
32	    0.000416	   -0.036128	    0.000047
33	    0.000416	   -0.025068	    0.000134
34	    0.000416	   -0.027700	    0.000024
Generation	Best	Worst	Average
0	    0.000421	-9999.000000	 -109.992896
1	    0.000930	-9999.000000	 -209.980977
2	    0.000930	-9999.000000	  -79.993226
3	    0.000930	-9999.000000	  -89.991884
4	    0.000930	-9999.000000	 -109.989508
5	    0.000930	-9999.000000	 -139.986527
6	    0.000930	-9999.000000	  -59.994561
7	    0.000930	-9999.000000	  -69.993519
8	    0.000930	-9999.000000	  -19.998442
9	    0.000930	-9999.000000	   -9.999128
10	    0.000930	   -0.027785	   -0.000202
11	    0.000930	-9999.000000	  -19.998110
12	    0.000930	   -0.029965	   -0.000118
13	    0.000930	   -0.029496	   -0.000036
14	    0.000930	-9999.000000	   -9.999056
15	    0.000930	-9999.000000	   -9.998981
16	    0.000930	   -0.028786	   -0.000011
17	    0.000930	   -0.033274	   -0.000132
18	    0.000930	-9999.000000	   -9.999117
19	    0.000930	   -0.034108	   -0.000087
20	    0.000930	-9999.000000	   -9.998926
21	    0.000930	   -0.030619	   -0.000068
22	    0.000930	-9999.000000	  -19.998016
23	    0.000930	-9999.000000	   -9.998931
24	    0.000930	   -0.035903	    0.000142
25	    0.000930	-9999.000000	   -9.999136
26	    0.000930	   -0.034640	   -0.000258
27	    0.000930	-9999.000000	   -9.999074
28	    0.000930	   -0.033983	    0.000022
29	    0.000930	   -0.031141	    0.000054
30	    0.000930	   -0.031872	    0.000105
31	    0.000930	   -0.032581	   -0.000014
32	    0.000930	   -0.024132	    0.000030
33	    0.000930	   -0.028111	    0.000081
34	    0.000930	   -0.031504	    0.000022
Generation	Best	Worst	Average
0	    0.000454	-9999.000000	  -79.995926
1	    0.000454	-9999.000000	  -89.992552
2	    0.000454	-9999.000000	 -129.988013
3	    0.000454	-9999.000000	 -159.984769
4	    0.000454	-9999.000000	 -139.986458
5	    0.000454	-9999.000000	 -119.988399
6	    0.000454	-9999.000000	   -9.999323
7	    0.000454	   -0.028673	   -0.000238
8	    0.000454	   -0.027151	   -0.000115
9	    0.000454	   -0.030114	   -0.000011
10	    0.000454	-9999.000000	   -9.999148
11	    0.000454	   -0.025442	    0.000051
12	    0.000454	-9999.000000	   -9.999116
13	    0.000454	-9999.000000	   -9.999124
14	    0.000454	   -0.033698	   -0.000496
15	    0.000454	-9999.000000	   -9.999284
16	    0.000454	-9999.000000	   -9.999191
17	    0.000454	   -0.035364	   -0.000028
18	    0.000454	   -0.032487	   -0.000126
19	    0.000454	-9999.000000	   -9.999175
20	    0.000454	   -0.036003	   -0.000174
21	    0.000454	   -0.032055	    0.000006
22	    0.000454	   -0.042095	   -0.000197
23	    0.000454	   -0.033732	    0.000033
24	    0.000454	   -0.031318	    0.000127
25	    0.000454	-9999.000000	   -9.998924
26	    0.000454	-9999.000000	   -9.999183
27	    0.000454	-9999.000000	   -9.998907
28	    0.000454	-9999.000000	   -9.999025
29	    0.000454	   -0.035466	   -0.000039
30	    0.000454	-9999.000000	   -9.999082
31	    0.000454	   -0.033665	    0.000116
32	    0.000454	   -0.033468	   -0.000086
33	    0.000454	   -0.035002	    0.000140
34	    0.000454	   -0.032426	    0.000172
